#mass    twiki xsec   paper xsec
50 	5.368 	     5.48
80 	0.8014 	     
100 	0.3657 	     0.37
120 	0.1928 	     
125 	0.1669 	     0.18
140 	0.1116 	     
150 	0.08712      0.085	
160 	0.06896      
175 	0.04975      0.05	
180 	0.04485 	
200 	0.03031	     0.03	
220 	0.02115 	
225 	0.01941      0.02
240 	0.01514       	
250 	0.01292      0.015	
260 	0.01108 	
275 	0.008875 	
280 	0.008259 	
300 	0.006254     0.005	
320 	0.004802 	
340 	0.003732 	
360 	0.002931 	
380 	0.002325 	
400 	0.001859 	
440 	0.001216 	
500 	0.0006736 	
600 	0.0002763 	
700 	0.0001235 	
800 	5.863e-05 	
900 	2.918e-05 	
1000 	1.504e-05
